2 1050 2750
3 1150 2250
6 1050 1550
4 1250 2050
5 1350 2350
1 1150 4000
74 3350 4250
75 3350 4650
76 3250 5200
77 4000 5050
93 4100 5250
94 4100 5350
92 4247 5256
90 4247 5150
89 4350 4900
78 4100 4750
79 3950 4650
82 4200 4550
80 3950 4250
81 4200 4150
83 4500 4400
84 4700 4350
88 4350 4750
86 4500 4800
85 4700 4750
87 4500 4950
91 4354 5256
99 4500 5450
98 4304 5447
97 4305 5554
96 4199 5554
95 4000 5550
136 3800 5950
135 3950 5950
134 4100 5850
133 4250 5950
101 4650 6000
109 5300 5150
108 5250 5350
107 5150 5500
994 5050 5750
103 5050 6050
105 5300 6050
106 5400 6050
118 5550 6000
112 5650 5500
110 5650 5350
111 5800 5350
113 5800 5500
304 5998 5500
301 6250 5500
283 6550 5500
300 6600 5200
305 6250 5000
306 6100 4800
307 6000 4450
46 5600 4250
47 5450 4250
48 5350 4150
310 6000 3950
312 5850 3750
45 5600 3750
44 5450 3750
43 5350 3750
42 5200 3650
49 5050 3800
50 4950 3500
51 4700 3500
53 4450 3500
52 4400 3700
54 4100 3500
55 4150 3300
56 4100 3150
72 3700 3100
73 3550 3300
71 3400 3200
70 3400 2700
69 3550 2800
68 3700 2800
67 4100 2950
57 4300 3300
58 4500 3150
59 4500 2950
66 4300 2800
64 4550 2500
63 4600 2350
62 4700 2500
23 4900 2050
22 4850 1900
17 4600 1850
16 4400 1700
13 4250 1650
12 4050 2150
11 4050 2000
9 3550 1600
8 3450 1450
7 3350 1700
10 3950 1700
14 4150 1500
15 4450 1450
18 4900 1550
19 5100 1550
20 5350 1450
21 4950 1700
25 5100 2050
24 5000 2150
31 5250 2250
26 5400 2050
27 5750 2000
28 5900 2050
334 6450 2300
333 6300 2300
332 6150 2300
29 5600 2250
30 5400 2300
32 5000 2350
33 5000 2550
36 5450 2750
37 5400 2950
35 5250 2750
34 5050 2800
65 4550 2800
61 4700 2800
60 4700 3000
40 4950 3300
39 5050 3100
38 5200 3150
41 5100 3600
313 5750 3450
314 5850 3050
331 6000 2800
330 6150 2800
329 6300 2800
328 6450 2800
327 6450 2950
315 6000 3200
316 6000 3300
325 6148 3206
326 6148 3099
324 6254 3206
323 6450 3450
322 6450 3650
294 6850 3800
293 6950 3900
292 7350 3800
291 7350 3900
290 7350 4050
289 7350 4150
296 6950 4150
295 6850 4050
321 6450 3750
319 6148 3450
320 6254 3557
318 6148 3556
317 6100 3650
311 6000 3800
309 6100 4150
308 6100 4400
991 6450 4950
297 6650 4900
298 6700 5050
299 6700 5300
286 7100 5100
288 7350 4750
287 7350 4900
285 7100 5500
284 6800 5500
282 6600 5700
281 6700 5800
277 6800 6000
280 6604 5950
278 6603 6057
279 6498 6057
302 6106 5606
303 5999 5607
114 5750 5700
115 5750 5850
116 5700 6000
117 5700 6150
119 5550 6150
120 6000 6600
121 6000 7000
257 5900 7350
258 5950 7650
259 6000 7850
253 5650 8150
254 5550 7900
255 5550 7650
256 5650 7450
126 5150 7000
122 5550 6650
123 5400 6550
124 5300 6450
125 5150 6550
127 5050 6550
104 5150 6150
102 4800 6100
100 4500 6050
129 4650 6400
128 4800 6500
130 4500 6550
131 4250 6700
132 4250 6350
137 3950 6350
138 3800 6350
139 3250 7000
140 3300 7450
141 3300 7550
142 3900 7850
143 4250 7800
144 4400 7750
145 4250 7300
146 4450 7450
147 4650 7450
148 4550 7650
149 4550 7900
150 4650 8150
152 4250 8250
151 4400 8250
153 4550 8750
165 4050 9200
166 3900 9250
169 3300 9350
168 3450 9450
167 3750 9500
163 4050 9700
162 4200 9850
158 4300 9950
161 3900 10150
160 4100 10150
159 4300 10150
172 3750 10500
171 3450 10450
170 3300 10650
173 3600 11100
174 3750 11200
175 3750 11400
176 3600 11600
177 3900 11550
178 3900 11400
179 3900 11150
180 4100 11150
181 4300 11150
996 5050 11650
182 4600 11100
183 4600 10850
184 4550 10550
185 4500 10250
157 4500 9750
164 4200 9450
156 4300 9450
155 4250 9250
154 4550 8950
995 5050 8450
252 5550 8750
251 5550 8950
186 5600 9750
187 5600 10250
195 5650 10550
196 5600 10850
202 5600 11100
197 5950 10850
198 6050 11050
199 6150 11050
200 6200 11150
201 5950 11150
203 5950 11650
204 6050 11550
206 6350 11350
205 6450 11550
207 6550 11350
208 6500 11150
209 6650 11050
210 6950 11250
211 6950 10650
212 7000 10500
217 6900 10450
216 7050 10400
215 7100 10250
219 6850 10200
218 6700 10300
191 6400 10300
192 6200 10300
193 6150 10400
194 5950 10550
188 5950 10250
189 6100 10250
239 6100 10050
241 5950 9750
242 6000 9600
240 6100 9800
238 6200 9950
190 6250 10200
237 6400 10050
236 6500 10050
221 6800 9950
235 6600 9800
234 6700 9800
233 6700 9650
232 6800 9350
231 6700 9150
263 6500 9000
264 6600 9000
265 6699 8856
266 6699 8750
262 6500 8700
246 6350 8850
243 6150 9200
244 6250 8950
245 6250 8850
247 6150 8600
250 6000 8600
249 6000 8450
248 6150 8500
260 6400 8350
270 6600 8000
261 6450 8600
268 6750 8600
269 6750 8500
271 6900 8350
274 7000 7350
275 7100 6750
276 7100 6600
467 8000 7000
468 8050 7450
469 8050 7550
273 7350 7650
272 7200 8000
267 6805 8749
229 6900 9000
228 7000 9000
230 6950 9250
227 7300 9000
226 7300 9150
225 7300 9350
222 7000 9800
223 7100 9750
224 7300 9650
220 7000 10050
214 7200 10200
213 7200 10500
498 8050 10650
499 8200 10450
500 8500 10500
489 8650 10150
488 8850 10150
491 8800 9700
492 8950 9450
495 8500 9500
496 8200 9450
497 8050 9350
494 8650 9250
493 8800 9200
480 9000 8250
479 9150 8250
470 8650 7850
471 9000 7800
472 9150 7750
473 9000 7300
474 9200 7450
475 9400 7450
476 9300 7650
477 9300 7900
478 9400 8150
998 9800 8450
481 9300 8750
482 9300 8950
483 9000 9250
484 9050 9450
490 8950 9850
486 9050 9950
487 9050 10150
501 8350 11100
502 8500 11200
503 8500 11400
504 8350 11600
505 8650 11550
506 8650 11400
507 8650 11150
508 8850 11150
509 9050 11150
999 9800 11650
510 9350 11100
511 9350 10850
512 9300 10550
513 9250 10250
485 9250 9750
514 10350 9750
569 10700 9750
570 10750 9600
568 10850 9800
567 10850 10050
566 10950 9950
516 10700 10250
517 10850 10250
515 10350 10250
523 10400 10550
524 10350 10850
530 10350 11100
529 10700 11150
526 10800 11050
536 11250 11150
537 11400 11050
538 11700 11250
535 11300 11350
533 11200 11550
531 10700 11650
532 10800 11550
534 11100 11350
528 10950 11150
527 10900 11050
525 10700 10850
522 10700 10550
521 10900 10400
520 10950 10300
518 11000 10200
519 11150 10300
565 11150 10050
564 11250 10050
546 11450 10300
547 11600 10200
545 11650 10450
539 11700 10650
540 11750 10500
541 11950 10500
544 11800 10400
543 11850 10250
542 11950 10200
548 11750 10050
551 11850 9750
550 11750 9800
549 11550 9950
563 11350 9800
562 11450 9800
561 11450 9650
560 11550 9350
558 11700 9250
559 11450 9150
591 11250 9000
592 11350 9000
593 11449 8856
594 11449 8750
590 11250 8700
574 11100 8850
571 10900 9200
572 11000 8950
573 11000 8850
575 10900 8600
578 10750 8600
579 10300 8950
580 10300 8750
577 10750 8450
576 10900 8500
588 11150 8350
587 10750 7850
586 10700 7650
581 10400 8150
582 10300 7900
583 10300 7650
584 10400 7450
585 10650 7350
449 10750 7000
448 10750 6600
607 11248 6057
606 11353 6057
608 11354 5950
610 11350 5700
611 11300 5500
630 10856 5606
631 10749 5607
444 10450 6000
445 10450 6150
447 10300 6150
450 10300 6650
451 10150 6550
452 10050 6450
453 9900 6550
454 9900 7000
455 9800 6550
456 9550 6500
457 9400 6400
458 9250 6550
459 9000 6700
460 9000 6350
465 8700 6350
466 8550 6350
464 8550 5950
463 8700 5950
462 8850 5850
423 8750 5550
420 8997 5256
419 9104 5256
418 8997 5150
415 9250 4950
413 9450 4750
414 9250 4800
416 9100 4750
417 9100 4900
406 8850 4750
410 8950 4550
411 9250 4400
412 9450 4350
409 8950 4150
408 8700 4250
402 8100 4250
403 8100 4650
404 8000 5200
407 8700 4650
405 8750 5050
421 8850 5250
422 8850 5350
424 8949 5554
426 9054 5447
427 9250 5450
425 9055 5554
461 9000 5950
428 9250 6050
429 9400 6000
430 9550 6100
432 9900 6150
431 9800 6050
997 9800 5750
435 9900 5500
436 10000 5350
437 10050 5150
433 10050 6050
434 10150 6050
446 10300 6000
443 10500 5850
442 10500 5700
441 10550 5500
440 10400 5500
438 10400 5350
439 10550 5350
632 10748 5500
629 11000 5500
628 11350 5200
633 11000 5000
634 10850 4800
635 10750 4450
374 10350 4250
375 10200 4250
376 10100 4150
638 10750 3950
640 10600 3750
373 10350 3750
372 10200 3750
371 10100 3750
370 9950 3650
377 9800 3800
378 9700 3500
379 9450 3500
381 9200 3500
380 9150 3700
382 8850 3500
383 8900 3300
384 8850 3150
400 8450 3100
401 8300 3300
399 8150 3200
398 8150 2700
397 8300 2800
396 8450 2800
395 8850 2950
385 9050 3300
386 9250 3150
387 9250 2950
394 9050 2800
392 9300 2500
391 9350 2350
390 9450 2500
351 9650 2050
350 9600 1900
345 9350 1850
344 9150 1700
341 9000 1650
340 8800 2150
339 8800 2000
337 8300 1600
336 8200 1450
335 8100 1700
338 8700 1700
342 8900 1500
343 9200 1450
346 9650 1550
347 9850 1550
348 10100 1450
349 9700 1700
353 9850 2050
352 9750 2150
359 10000 2250
354 10150 2050
355 10500 2000
356 10650 2050
662 11200 2300
661 11050 2300
660 10900 2300
357 10350 2250
358 10150 2300
360 9750 2350
361 9750 2550
364 10200 2750
365 10150 2950
363 10000 2750
362 9800 2800
393 9300 2800
389 9450 2800
388 9450 3000
368 9700 3300
367 9800 3100
366 9950 3150
369 9850 3600
641 10500 3450
642 10600 3050
659 10750 2800
658 10900 2800
657 11050 2800
656 11200 2800
655 11200 2950
643 10750 3200
644 10750 3300
653 10898 3206
654 10898 3099
652 11004 3206
651 11200 3450
650 11200 3650
622 11600 3800
621 11700 3900
620 12100 3800
619 12100 3900
618 12100 4050
617 12100 4150
624 11700 4150
623 11600 4050
649 11200 3750
647 10898 3450
648 11004 3557
646 10898 3556
645 10850 3650
639 10750 3800
637 10850 4150
636 10850 4400
992 11200 4950
625 11400 4900
626 11450 5050
627 11450 5300
612 11550 5500
614 11850 5100
616 12100 4750
615 12100 4900
613 11850 5500
609 11450 5800
605 11550 6000
604 11850 6600
603 11850 6750
602 11750 7350
601 12100 7650
795 12750 7000
796 12800 7450
797 12800 7550
600 11950 8000
598 11350 8000
589 11200 8600
596 11500 8600
597 11500 8500
599 11650 8350
595 11555 8749
557 11650 9000
556 11750 9000
555 12050 9000
554 12050 9150
553 12050 9350
552 12050 9650
825 12800 9350
824 12950 9450
823 13250 9500
822 13400 9250
821 13550 9200
819 13550 9700
818 13700 9850
814 13800 9950
817 13400 10150
816 13600 10150
815 13800 10150
828 13250 10500
827 12950 10450
826 12800 10650
829 13100 11100
830 13250 11200
831 13250 11400
832 13100 11600
833 13400 11550
834 13400 11400
835 13400 11150
836 13600 11150
837 13800 11150
1002 14550 11650
838 14100 11100
839 14100 10850
840 14050 10550
841 14000 10250
813 14000 9750
820 13700 9450
812 13800 9450
811 13750 9250
810 14050 8950
809 14050 8750
808 13750 8250
807 13900 8250
798 13400 7850
799 13750 7800
800 13900 7750
801 13750 7300
802 13950 7450
803 14150 7450
804 14050 7650
805 14050 7900
806 14150 8150
1001 14550 8450
907 15050 8950
908 15050 8750
909 15150 8150
910 15050 7900
911 15050 7650
912 15150 7450
782 14650 7000
787 13750 6700
794 13300 6350
793 13450 6350
788 13750 6350
786 14000 6550
785 14150 6400
792 13300 5950
791 13450 5950
790 13600 5850
751 13500 5550
748 13747 5256
747 13854 5256
746 13747 5150
743 14000 4950
741 14200 4750
742 14000 4800
744 13850 4750
745 13850 4900
734 13600 4750
738 13700 4550
739 14000 4400
740 14200 4350
737 13700 4150
736 13450 4250
730 12850 4250
731 12850 4650
732 12750 5200
735 13450 4650
733 13500 5050
749 13600 5250
750 13600 5350
752 13699 5554
754 13804 5447
755 14000 5450
753 13805 5554
789 13750 5950
756 14000 6050
757 14150 6000
758 14300 6100
759 14550 6050
1000 14550 5750
763 14650 5500
764 14750 5350
765 14800 5150
761 14800 6050
762 14900 6050
774 15050 6000
768 15150 5500
766 15150 5350
767 15300 5350
769 15300 5500
960 15498 5500
957 15750 5500
939 16050 5500
956 16100 5200
961 15750 5000
962 15600 4800
963 15500 4450
702 15100 4250
703 14950 4250
704 14850 4150
966 15500 3950
968 15350 3750
701 15100 3750
700 14950 3750
699 14850 3750
698 14700 3650
705 14550 3800
706 14450 3500
707 14200 3500
709 13950 3500
708 13900 3700
710 13600 3500
711 13650 3300
712 13600 3150
728 13200 3100
729 13050 3300
727 12900 3200
726 12900 2700
725 13050 2800
724 13200 2800
723 13600 2950
713 13800 3300
714 14000 3150
715 14000 2950
722 13800 2800
720 14050 2500
719 14100 2350
718 14200 2500
679 14400 2050
678 14350 1900
673 14100 1850
672 13900 1700
669 13750 1650
668 13550 2150
667 13550 2000
665 13050 1600
664 12950 1450
663 12850 1700
666 13450 1700
670 13650 1500
671 13950 1450
674 14400 1550
675 14600 1550
676 14850 1450
677 14450 1700
681 14600 2050
680 14500 2150
687 14750 2250
682 14900 2050
683 15250 2000
684 15400 2050
990 15950 2300
989 15800 2300
988 15650 2300
685 15100 2250
686 14900 2300
688 14500 2350
689 14500 2550
692 14950 2750
693 14900 2950
691 14750 2750
690 14550 2800
721 14050 2800
717 14200 2800
716 14200 3000
696 14450 3300
695 14550 3100
694 14700 3150
697 14600 3600
969 15250 3450
970 15350 3050
987 15500 2800
986 15650 2800
985 15800 2800
984 15950 2800
983 15950 2950
971 15500 3200
972 15500 3300
981 15648 3206
982 15648 3099
980 15754 3206
979 15950 3450
978 15950 3650
950 16350 3800
949 16450 3900
948 16850 3800
947 16850 3900
946 16850 4050
945 16850 4150
952 16450 4150
951 16350 4050
977 15950 3750
975 15648 3450
976 15754 3557
974 15648 3556
973 15600 3650
967 15500 3800
965 15600 4150
964 15600 4400
993 15950 4950
953 16150 4900
954 16200 5050
955 16200 5300
942 16600 5100
944 16850 4750
943 16850 4900
941 16600 5500
940 16300 5500
938 16100 5700
937 16200 5800
933 16300 6000
936 16104 5950
934 16103 6057
935 15998 6057
958 15606 5606
959 15499 5607
770 15250 5700
771 15250 5850
772 15200 6000
773 15200 6150
775 15050 6150
760 14650 6150
784 14300 6500
783 14550 6550
781 14650 6550
780 14800 6450
779 14900 6550
778 15050 6650
776 15500 6600
777 15500 7000
913 15400 7350
914 15450 7650
915 15500 7850
926 16100 8000
916 15900 8350
904 15650 8500
905 15500 8450
906 15500 8600
903 15650 8600
917 15950 8600
918 16000 8700
922 16199 8750
902 15850 8850
901 15750 8850
900 15750 8950
899 15650 9200
919 16000 9000
920 16100 9000
887 16200 9150
888 16300 9350
886 16450 9250
889 16200 9650
891 16100 9800
890 16200 9800
877 16300 9950
892 16000 10050
893 15900 10050
846 15750 10200
894 15700 9950
896 15600 9800
898 15500 9600
897 15450 9750
842 15100 9750
895 15600 10050
845 15600 10250
844 15450 10250
843 15100 10250
851 15150 10550
852 15100 10850
858 15100 11100
857 15450 11150
854 15550 11050
864 16000 11150
865 16150 11050
866 16450 11250
863 16050 11350
861 15950 11550
859 15450 11650
860 15550 11550
862 15850 11350
856 15700 11150
855 15650 11050
853 15450 10850
850 15450 10550
849 15650 10400
848 15700 10300
847 15900 10300
875 16350 10200
874 16200 10300
873 16400 10450
867 16450 10650
868 16500 10500
869 16700 10500
872 16550 10400
871 16600 10250
870 16700 10200
876 16500 10050
878 16500 9800
879 16600 9750
880 16800 9650
881 16800 9350
882 16800 9150
883 16800 9000
884 16500 9000
885 16400 9000
921 16199 8856
923 16305 8749
925 16250 8500
924 16250 8600
927 16400 8350
928 16700 8000
930 16500 7350
931 16600 6750
932 16600 6600
929 16850 7650
2 1050 2750
